0.0071042241566
0.0153842817888
0.0113333571282
0.00999840087826
0.0103761090757
0.00818673771246
0.00802665991706
0.00632211193688
0.00655407428908
0.00630382923014
0.00644158370459
0.00618867833205
0.00615313279175
0.00590291111104
0.00666026889253
0.00613659609682
0.0075814987668
0.0082331293539
0.00853674879081
0.0101665098235
0.00857228435994
0.0101145251314
0.00986320974643
0.0144063857956
0.0202716241491
0.0345949181974
0.0302729982702
0.0409400624548
0.0393825289393
0.0529163764337
0.0386901698156
0.0613274411119
0.052811286184
0.0524019140475
0.0444390511789
0.0512140724695
0.0530291193984
0.0414781812094
0.0467679935687
0.0438610804812
0.0370526652017
0.0379042949915
0.0338113625122
0.0374758199263
0.0367283346361
0.0394667368134
0.0535991863921
0.0324597364103
0.0327282538375
0.0367794915926
0.0372630751337
0.0382856708702
0.0430647255947
0.0554842361669
0.0316805078639
0.0332554213147
0.0313234114323
0.0234887027755
0.0251242898673
0.0223990238076
0.0152506973483
0.0184800748235
0.0152322551013
0.0150886284775
0.0133261909215
0.0121226698619
0.012984393709
0.0112958650205
0.0111736696724
0.0136334489149
0.0104663573906
0.0111878067157
0.0121444214892
0.0099941703482
0.0117199423981
0.0170527440823
0.0215999957266
0.0204000747374
0.0195152192431
0.0178509418365
0.0146406216145
0.0106269508312
0.00973500759508
0.00827268508692
0.00941258763318
0.00928045974757
0.00871949209605
0.00895348036984
0.00964993110908
0.0080934701023
0.00999317089962
0.0106091478989
0.0232907272096
0.0119461902065
0.0134543914708
0.0111168974819
0.0114046834986
0.0102250593939
0.0102374072531
0.0109222991001
0.00382222068356
