0.000606120187921
0.00137549559873
0.00108850741451
0.000935936560621
0.001255695834
0.000970332928686
0.000962607655826
0.00126821879497
0.00103777084793
0.00138050961586
0.00084574565116
0.00135702739632
0.0150116321784
0.0771764329137
0.0255199771092
0.00690844227965
0.0194474995004
0.0588707112653
0.00310893912321
0.00365593712174
0.00166404489357
0.00122132798207
0.00128645165148
0.00147842537138
0.00141386142595
0.00190038600716
0.00695497142216
0.0596978275776
0.0481960426543
0.0318342992666
0.0200955765342
0.0440786267195
0.0427968640159
0.0809468730653
0.0358022270059
0.0516698003924
0.00323053086421
0.00259818598828
0.00513326376426
0.00566021980912
0.0101235845389
0.0132205486982
0.0285577272737
0.0228732601603
0.0152733326161
0.00506496045152
0.00415776172989
0.00631640731412
0.00334741008318
0.00228709728685
0.00338397063674
0.00548926623314
0.0084677883072
0.0215795000568
0.0591528516263
0.0424966615843
0.0355549009186
0.0436906690473
0.0131577975278
0.0115296654801
0.00836724965413
0.00722651829403
0.00744018499231
0.0127287891255
0.0238114918674
0.114277822977
0.0191938479831
0.00982363590883
0.00789974221419
0.00720305690305
0.0140088292607
0.0313247428227
0.0292547840217
0.00457515213002
0.00396220758069
0.00983628187616
0.0111051639472
0.00907625016742
0.0304149657073
0.0610949876362
0.0101550475623
0.00664314901389
0.00841480987192
0.00522361704968
0.0041294094264
0.00839402047806
0.0055465875409
0.0029935499659
0.00385624539827
0.0022878417089
0.00318394071255
0.00289098837104
0.00293938041647
0.00540555601969
0.0126441573322
0.0127129633577
0.0101096188765
0.0244716282265
0.0339567237473
0.0338740617547
0.0110944855928
