0.00967347538407
0.0190046813428
0.032287857523
0.061193594938
0.0393027237175
0.0789170959625
0.0648119508347
0.0475626605208
0.0528443570821
0.081660059341
0.0521368429858
0.101108137688
0.0716038653578
0.0567817946772
0.0292036176542
0.040052536736
0.030123344985
0.0397003953348
0.0506222973381
0.0504293599597
0.0291715722985
0.0299226656745
0.0279134303284
0.0361366153593
0.0328786038168
0.0306948543942
0.0350719222655
0.0278081130423
0.036406759516
0.0659137361005
0.0375523748611
0.0421521489603
0.0362657594372
0.0227375949244
0.0192406305741
0.0215802231036
0.0201619257491
0.0173122195082
0.0203247857694
0.0209555380667
0.0170261347385
0.0169194026779
0.0164100382063
0.0141645268877
0.0146509144293
0.016018797096
0.0147353721228
0.0145126167365
0.0146690595491
0.0141449825045
0.0133021559819
0.0130057726265
0.0178788652544
0.0138061297581
0.0150508712653
0.0158864218881
0.0186119188738
0.0186912866445
0.0172346068249
0.0303637636053
0.024198895556
0.0182099975965
0.0154543274859
0.0127894427907
0.0127489663637
0.0129339126589
0.012212824173
0.010423012587
0.0100686889875
0.011728736627
0.00950244296007
0.0111710077846
0.0115322635605
0.0110488456096
0.0104802501796
0.0103622022497
0.0100359308293
0.0102739255897
0.0126747818032
0.0126481051893
0.013664063
0.0111445146619
0.0126329533181
0.0120735435751
0.014512082296
0.00955584332588
0.0145387663161
0.00778973416418
0.0108182789478
0.0160655625155
0.0080107219326
0.00804922095745
0.00890734138959
0.00780335953862
0.00828503108325
0.00816911901262
0.00867549941393
0.00833631095591
0.00845927581014
0.00808983337754
0.00523465037596
0.00506912517608
0.00322383323873
0.000625744450261
