2.57021968663e-05
0.00414490371792
0.00755488441634
0.0121328442615
0.0139034232042
0.00739829176565
0.00804695922767
0.0079711177576
0.00833327476585
0.00906261654573
0.00752145803327
0.00848804001423
0.0093074389548
0.0116180385983
0.0133858171926
0.0132082065915
0.0166655432484
0.0177477891083
0.0214169172148
0.0451661815238
0.0527547901066
0.0545098838615
0.0537602552213
0.0501157017361
0.0632789227902
0.0713192563497
0.0554411740539
0.0371202663428
0.0334156077227
0.0332081116169
0.0340945563782
0.0367046495004
0.0368126628291
0.0367239329585
0.0231029654005
0.0208313526241
0.0415666303691
0.0170610634825
0.0209123375382
0.019408210968
0.0231085182593
0.039446300687
0.0244705279828
0.0163315133868
0.0228786762828
0.0238170827337
0.0213858786902
0.0204720506398
0.0184817665408
0.0175838202854
0.0188101107961
0.0175121862214
0.014904695072
0.0171504385349
0.0176979445011
0.0227048093096
0.0193477453203
0.0159673714737
0.0170429380527
0.0234176176147
0.0216709407037
0.0335177459482
0.0265752651394
0.0307282104457
0.0237075796175
0.0300903210466
0.0373232139193
0.0178668236802
0.0164845699235
0.00909071871956
0.0120954323385
0.0131260448389
0.0120084324733
0.00960185806456
0.00979125311934
0.00941283317652
0.00855611606295
0.0139647812711
0.013828612122
0.0096225972463
0.00873289592002
0.00813895357795
0.00940678441762
0.0106592169998
0.00970287227572
0.00946676199858
0.0108849702446
0.0116539260011
0.0167437713387
0.018276520568
0.0180348252454
0.0220913157109
0.0234929599263
0.0151945031098
0.0129096479807
0.0109496896812
0.00982947814463
0.00896642948772
0.00758452179148
0.00870030469729
0.00424326982526
0.00194231255866
0.00113059695071
